This is a song
440
500
440
500
440
500
349.23
350
523.25
150
440
500
349.23
350
523.25
150
440
650
659.26
500
659.26
500
659.26
500
698.46
350
523.25
150
415.30
500
349.23
350
523.25
150
440
650
880
500
440
300
440
150
880
500
830.61
325
783.99
175
739.99
125
698.46
125
4739.99
250
440
250
622.25
500
587.33
325
554.37
175
523.25
125
466.16
125
523.25
250
349.23
250
415.30
500
349.23
350
440
125
523.25
500
440
375
523.25
125
659.26
650
880
500
440
300
440
150
880
500
830.61
325
783.99
175
739.99
125
698.46
125
4739.99
250
440
250
622.25
500
587.33
325
554.37
175
523.25
125
466.16
125
523.25
250
349.23
250
415.30
500
349.23
375
523.25
125
440
500
349.23
375
523.25
125
440
650
